95.99574985152319
82.78078202963535
87.25820748175737
68.51765680712727
8.006970792752321
37.34856715970365
7.492987476334401
8.38050068237206
85.64055996971729
47.35159536092755
84.48173376974724
44.77609190462366
52.330794142165175
89.30463883029654
50.36166764403389
85.73667700691523
47.79579796781874
91.9267569876589
3.852064573288305
3.181671103119177
29.75093488654217
42.43666123072176
60.985287864896456
7.9805242280589495
4.243940239444677
32.028440353580145
36.8186595562634
1.3666635730240628
68.28408185108074
92.89040865804846
47.29103120381002
70.60322912344415
77.02282706812215
91.02465624872991
45.17096725966048
21.417375488556157
70.46317984744852
60.85809587914353
66.62561321402134
69.88636868419937
17.315175580160137
7.580453802931064
56.61691053613516
21.848508178933024
29.62177902416585
48.52991104251083
7.579709801773382
98.99324859577573
11.803185205716948
44.52232805219032
50.36792677062385
63.30353408227081
45.62652512437957
26.080484130789007
64.80839941088567
51.829843386719745
99.6080383529139
60.65336321878452
86.53801345270291
18.116145239945915
94.4301487100932
93.36253632197567
2.727366623875005
7.8106988260762344
21.161773703561625
24.37983880441086
89.49439438839144
55.99557553281809
78.10854528639422
61.53249541125534
10.112419891029422
76.9039661028981
35.924357492242805
48.16958776074198
93.33646066222845
91.94301958179682
51.643532589176665
85.52081238085592
85.78135395700046
76.0986061637108
80.54758121251504
30.509129301596882
35.643468568527645
86.95071692294798
30.335793274542276
74.27946539089292
27.86304600799474
23.14099978217008
64.62815818876449
93.6579757160685
29.453325357400352
60.5180650149953
50.726548598294286
16.11559625902217
17.3531474984838
35.51967589940352
61.26361984481803
44.66601258093819
79.31353028533697
51.870003231193884
94.888040291443
30.655136348338164
5.197020707100952
94.66778866164411
56.17596436560839
28.5645032632992
24.970304640663766
28.054382703887313
62.39933853558619
73.85895724799485
21.35099265773612
76.94841992343815
77.52424721298877
6.682265716139302
3.5932167607272802
8.040607568706237
78.86510883738597
5.0742604561368365
28.610784381136224
13.105003736466259
99.12118415560987
65.0059637683292
21.638708413099273
52.526034017560995
23.30197741778568
92.91556254268262
72.25484170531786
42.85581064865966
7.259498758571614
74.57050987410851
58.26803712876523
84.07763228479281
61.33110369960735
45.205941494874246
56.17740607917929
14.080045762471416
38.08752048540711
55.130789087132406
19.282017554966856
25.39771783537068
67.41025283878326
30.614288327758654
49.86516970262236
24.94282788290043
68.62872763550654
64.17502407639097
16.002489768716632
34.69552790858459
80.96676764020185
31.116126116176158
65.61825457428574
63.27704534316852
10.556174675129014
76.93348517793422
59.01199918722397
42.93046286474844
3.423356367972308
33.952119378865156
1.9226474115286774
46.71929057786286
48.418939510541236
3.0801301605126064
52.455913757320594
15.798385900228773
59.38323988758742
98.40366000376952
59.607982423798056
69.21387697826542
90.15841257761194
47.4710724536135
66.69179452364777
51.65927815296752
43.92986739725948
63.23849361670888
44.82196137122947
83.3941104880497
43.04040418592836
88.1235284168956
65.88647547710916
67.65069831678083
18.406118946304574
44.84213520678495
33.22823088479176
39.88420077391235
68.54153408158807
85.75203506842612
43.16678170305819
42.32965527822843
65.70978960579738
88.98987955084485
9.465638727984382
69.84120755356933
36.24641687752597
12.842712499286124
33.529223967231616
23.39619765152452
74.01026279079763
7.049972779297375
19.248278357146397
11.98625852803854
4.403723994582953
7.589197462394837
1.5422476384801875
39.76896355487056
43.91499861673647
90.75453271911438
49.943243334246446
78.00894157218556
88.38701668068
94.23566855420763
8.710789923432971
72.31331311301021
1.0084948399355698
35.395656576854066
89.98452119201797
24.563568929626367
25.525708212320165
88.46929807959808
41.3655017863904
59.548724626058444
56.131058845293765
10.03011532275977
49.453257421326825
13.599542057695224
80.44659577870044
44.72318428385989
10.778208268213895
42.009914032309226
22.74221527121354
25.492335154791856
70.0904104896271
57.02127683140665
24.285222437995913
2.6105244404592165
80.00246231880564
91.88374436202477
12.310912853445256
3.369808016020359
22.311141259277356
74.2775864715756
19.47592156368898
39.817308358736845
6.385019627714561
23.503664583712023
79.9856648169807
81.76618971520591
50.74795021119929
45.002438293252034
24.28750754108333
75.0416225292854
67.5807991632546
0.2053907890823936
90.10303370575923
1.446794234504023
60.895222377802696
43.870475121887175
60.26318504578909
75.02854066444908
36.46283182547874
34.82230624351202
0.09413977402177309
11.418560340097983
84.40429889993449
14.354609027118936
22.748920627163894
96.63305179614441
30.82085269187742
72.63705732559487
87.82004228640442
47.598828420564665
59.95188953561335
15.679821768538904
74.05772268828
29.91944370694368
47.45721260324996
33.94417031671717
99.97018354266321
20.384259389266557
38.993652540732256
42.038371990845704
65.15400030329081
17.689572279863608
27.625093480036455
59.22238810065201
56.82201685068713
25.266614848012114
48.034151419343814
27.790409209721687
37.30259401157778
47.5865886328938
43.37778434291681
58.78257158437643
98.64597348486299
36.40462419735408
53.62934064766376
77.2225030596502
30.803132156334968
14.481957930740098
71.40124873266205
40.87896326041602
36.011356225914696
50.483807440289574
35.225159261643846
75.75032836683262
23.622210684667966
36.69164928086486
11.901980635426067
16.551118054662073
81.79360503613677
8.387278684383691
86.59211516816055
86.99555501236887
5.06897046624013
74.10706803090063
39.00714901232043
90.90439336614666
49.15233807271282
56.4017298166342
23.997984120830097
49.34735011730347
96.7858893035199
33.345602303738154
20.533950162955584
12.157863323870188
6.250670345345366
83.6222988111364
69.3226393031964
59.32921099087247
49.635104533532235
92.45725889952554
48.88148226357922
79.30047933771908
58.64968448956349
37.301147093868
53.912380494402946
0.6009439443159348
49.13010551980719
89.06255477559546
83.94101034613655
69.1589297683975
20.04582084362234
4.369503700057176
6.790651805373082
40.489798687237474
15.051809712411623
81.28367146583733
92.35584861315031
46.26463996676584
61.59013545444743
99.41353899113597
31.054892219991114
31.025946073892907
0.3023624498636579
56.580267820998785
85.80597991674423
30.65987848910414
75.71859750936964
89.12098908579193
31.2874133655344
94.84560819993158
21.990401792106695
47.54023194367929
51.73589911025063
16.09644689431029
54.60695207843056
0.9661749250213125
36.45061053721752
7.9687988063980475
59.61051963610515
89.40469511366283
86.10623628277393
32.83750324602097
57.201064846954
2.002045669226815
8.09587854723266
87.72493531193508
26.17890495716866
32.726692422943906
68.42084824658734
98.29819236388231
4.721609903672941
91.14347840102208
71.3253775528178
93.09111707151096
20.794190701332994
61.46990387771374
97.69120600284995
21.100429506316985
14.724801929132392
93.54133590847862
74.8593504261433
42.22748562732559
96.5842145016503
68.83317434359664
79.56205070259341
2.420335899164372
67.88264961652281
92.34383439534453
57.20548424067786
44.507277751868976
37.03844236799163
67.2633112903795
9.621142328452192
8.913989470128914
2.5756363246612457
90.3770919473861
97.43414039921778
74.83958758623979
76.0857047627803
29.567423037980745
75.26009426746423
93.32380769552596
72.59122839162757
20.719520850848426
88.83071465961856
39.912887677111854
98.94979559079071
28.352580404245288
4.252621495149933
91.18420682380068
0.21469458011300624
61.99067194548358
60.55567288914012
24.587681669477778
44.42970549156166
40.42699524191007
3.1409158737309317
60.16097019736593
48.261593725606474
49.117345930855436
68.53013827327936
37.598713607208566
49.24876323140441
31.735626581456454
25.5366019181257
34.92325884411609
38.59125948288429
29.69223818206732
46.927634948651864
23.622274787412568
74.91989115082688
75.17023402573852
61.18895872498009
89.53133495382733
20.298579818579874
93.70893505999686
32.73394777772707
6.284480422552141
91.12369904092823
32.88979145628499
33.443700192131544
11.590541713841018
38.54524095576552
59.16764626724395
47.77428580422929
22.016785545905204
61.28963078214442
59.877338910025955
0.6267787985430706
2.9016449927675048
44.869881317336976
52.16964409877174
92.22139247108649
72.20269224147167
94.06290818256804
31.358779611172526
61.47057105978413
91.24533108206141
74.62967391014101
92.53073607016928
10.796323805504727
17.073426999341713
29.59490399026652
23.91879993032393
92.48902323845132
49.815484065320035
51.0219939924411
81.40056345001166
43.04482027921017
86.85689419683187
37.1388308457024
42.54246864605054
21.99779803260067
20.50925941294064
39.426331606044855
6.319943082687529
81.23422540778992
50.42633259717388
85.86636284372395
97.03107637476727
23.871184823475524
94.06855356261845
28.66739652525716
23.16790237032269
95.18644220688377
90.48258286220236
43.75085104535235
48.82370137483358
34.19965931398663
19.79786278072948
33.89382604058715
1.0826039447001667
83.39472419983001
54.488067178642005
47.00255572450573
37.91715587718609
72.49877009785206
90.20755581580633
27.363194221509367
95.66917810793889
99.36541675219337
42.479287730144286
85.79700346506505
69.49960025809571
60.61016253113567
72.79551702548271
17.15445567832905
80.3733391891323
27.730222085316413
84.19374659230014
64.43878661423462
5.206638489413051
97.32503073830179
83.2032338459144
68.56879609110092
15.850965032045771
64.89974415050624
88.60215453363287
48.864105058836074
31.34778512276226
55.85791634668742
36.574775125851474
3.3199650761178257
99.24995507066757
88.47886421323193
37.40002229670092
83.37847480093852
64.4454977576667
71.82457178553385
74.77194873198498
72.73152705841551
66.94718218520697
1.3127693003373464
22.084469381619165
43.69632397026513
42.51241961052179
63.13131612653109
21.94845627400945
32.6246117316372
71.03917442308332
3.6310664878690613
75.75415957144061
36.38213377100244
27.952132898576608
75.61496325049035
70.16089211708115
10.08910442986215
60.544814946781834
33.48772332967276
1.4144873644439393
32.37441800387242
72.28345761352479
63.36692915412709
46.121173218577496
19.89668490255776
48.700549841080274
46.80800706103621
90.31290916228618
39.16221804220046
82.62949366953704
46.6914624118808
23.34608583694404
99.57794782983594
42.3614580819188
6.657439636576878
70.97925495034143
30.86201506248363
56.25081559223417
93.52519737693822
10.362677551771027
36.986943113945635
8.046297016256588
59.45024276289905
10.739548124266452
58.3441506174772
2.0820444198897725
23.14289413456294
57.73608301085753
11.928817186521613
74.85434053897744
46.262321960063055
54.91419161444904
33.68391603026106
50.96993859992986
19.285749137598973
79.2640504337371
45.52455615483082
71.32263225336915
83.23694574841198
10.830336447156142
20.24841296851494
89.44543360682549
67.40437129651669
84.25932674449558
88.4917449998961
56.11622010283941
79.32656585233227
78.60121193863512
63.42399867552202
82.98046286431367
78.65134176887835
4.56686124782415
2.5032015750409586
99.81055196174016
63.786737370641376
28.79273991514082
7.642471484403757
45.11773780204506
56.268083309103865
37.62819188995601
13.173709153152968
48.52075864823044
43.1598210681865
89.73233662497562
35.980735339367676
48.5612007781832
95.17479929647104
41.28935217303544
61.46009002124191
67.06147637597522
56.15352062664738
47.115079916131734
20.052334854079803
69.57995862902007
38.22311016614406
36.829752361308586
11.36585634849272
49.04122645303668
98.82583154492104
57.38887880184285
85.03235583781495
22.91856342624452
20.368597988559678
9.590924811105705
54.583986433407425
21.488197343458324
60.908402843432505
75.86714545440397
12.839084539644375
80.80417123816306
74.71905133033745
3.8682755306744143
10.82524867211443
42.21006028232244
88.40736848837543
22.04631223220137
28.78803701897288
73.24315059274451
5.339777450926753
62.20597220031803
62.73391479866363
47.61042922180341
83.7839252789268
51.52642933923146
97.8990517112464
31.363143457083574
74.35554361669172
27.732511280407856
39.49385423869387
79.92829007447024
96.40552249247396
95.12866483237863
65.17785357157275
81.46204379585053
42.685307333527604
69.76209950441745
25.893135256825992
67.99779379751519
22.08488978569687
43.63958803831851
63.91570515148586
34.29811726774905
53.36338862800154
27.306146673540923
47.75648970293533
51.42633598301736
49.93729024170774
25.700840248298928
10.201980359907115
38.67918517541018
95.28066566893878
31.59056604791932
80.89961317275379
67.94169182747176
91.37058905845021
58.25834056066193
10.106913981708644
73.90060656839768
64.10015825692238
29.362241277332004
57.593518321382795
29.85665296221034
54.83044773634938
67.95012321165966
43.514260956896166
37.9788832593458
84.07444774190245
60.979749732584
73.89963818974346
83.6449738164311
1.1665631995110282
53.850047151779215
51.83076930847772
80.41176501107807
45.660224444635425
19.553477094365523
19.358819322166433
13.496936906668422
84.10085161739904
69.85810134051573
64.53450623358093
18.353572167570054
29.286179002133107
75.82033454043587
29.655143760452795
84.60128686408446
47.31157917427955
99.24033132922791
10.045619246197557
33.778294257690234
44.67277813590287
10.42794280623227
6.983393107356406
0.6149297001067477
38.61282405758162
14.866689093007146
59.91644699619321
51.517048318003475
76.6697272088387
9.896938453743044
96.31529056952519
30.367525037377476
43.689165495178784
97.54053185782854
87.73702937016165
95.07256645259909
69.92435012798646
24.24791447999897
28.03809395223784
19.29856877316709
73.67279279178673
62.700535985387894
30.44488811448025
7.525730049981161
97.08934604277977
98.74550211276957
93.67233419483843
28.510813227344258
20.455319593756215
2.061694576395623
66.29108901509
60.99430550071783
39.46382182596515
61.11048931836258
31.57354191101378
79.89037037510076
29.059718093072373
98.29648498092689
76.50515219161127
53.16074716075598
0.4661475767282486
46.927570598953494
69.08721671494393
0.7455204188756337
24.409038540130368
96.70487381604207
96.46363552278119
9.944881130572947
25.87778185118652
10.897436769967573
34.87724068472118
48.35500984432435
36.550980763203576
80.46685362445372
28.264544541882653
41.65792386067968
78.18791767762636
62.16404725242981
44.04159969233081
82.53276631368578
29.19011010342285
51.26878147955654
37.70840955211576
96.72324751371274
93.18646758819982
63.04392481512841
35.81963872279377
77.93042945390052
13.635119741429236
53.563075348392445
26.513289294800057
41.08514357018096
96.56753380629246
70.24357532089564
90.23750591559644
17.912000093609294
68.88496254120193
26.854227168562762
60.18792907487265
21.094356881059028
2.8838952750535496
89.05807522180109
46.689231093267566
63.78019113288842
23.41681640585225
93.18160369289149
66.91169134325838
72.16620433586422
47.28527567222045
65.6048107078413
31.659049538274296
18.538354036700632
83.85939192220404
13.080571249767225
35.34271333631149
93.21872692774372
49.628517582676814
46.04003301135131
39.88187819645215
81.7283244332937
1.5853011600822198
19.34572517003639
64.56295380640589
2.9909560184004036
56.84265137750373
14.572223433429388
83.3881781297291
40.9428190860998
73.8156915348634
77.96354385532791
22.767224961976584
92.02627047354952
27.06050372668991
39.41948163440963
3.3487815986661396
75.8991203369665
47.72877325021141
26.280545962404656
31.384854446660082
19.199194117616237
94.78115531927997
70.24928854431668
32.20491497861917
32.61716006541731
34.60319459475683
41.77189325088402
54.99745303260693
11.164784184076005
29.069100050607986
96.88472370476009
23.904520988923373
22.743678048828396
58.68665656157239
20.28427868654017
21.800584444653627
31.73624673437605
33.617534534679194
5.586970294147386
1.8662138154091013
46.700864891969516
5.639356241793081
74.91397588265546
5.753764466999867
18.547876087273664
5.133511726510376
18.01502761691176
12.753927875817661
72.79208548738731
83.39664114208789
13.466087606277299
93.9288977276572
55.99793630367107
32.01461056502761
22.873877181182255
80.28579535669806
80.46301877962154
27.2697719620991
2.89661359741864
89.78769367071602
31.16358134252295
19.638700427117485
48.86503222391569
49.796309328848224
37.27602199933666
41.126302321058226
29.30930364333566
10.493269550475738
51.98646582449133
60.27917888019949
85.33334458212043
0.9090812162818374
75.39545414703011
14.23009518718521
69.86914089429625
67.14306163231527
94.32818779122817
16.12389627240576
66.73012314862757
70.68236132046304
0.636149920822171
31.864784879179233
95.21250294279804
25.173615029239027
57.34001551858454
36.37955857452786
36.32490127755232
43.20097487732688
65.6691861559465
42.501457514555206
74.47769020089146
51.39923477274386
4.437687545012992
22.376354853916624
96.99502933552367
2.5866243801742073
53.84959536807201
4.9625458170253545
68.88553151912843
58.79844624631359
36.96495855688049
27.010805020624474
96.19678174042284
52.7598882309868
42.266715940956345
63.14837087626108
14.854120258983695
56.00049537354048
29.452215239722456
50.11508783550149
92.38552039878604
55.27381753975315
20.335225251470135
8.076079801363512
7.803156383245202
50.43194919386138
59.27649761393794
90.21966384356656
25.740041615414853
6.781336213817779
0.6685056285263169
22.460474520188644
16.298759795652074
25.614444228377465
45.90724844871568
96.81111293636138
4.013878483453737
68.86470680401172
69.70539132595994
56.02000417716839
67.13684992831806
62.77505957551946
35.493496885382726
25.36383543761902
32.23842720994858
42.31988779492626
45.63297377955957
33.66186985084359
22.702492441929188
25.612892845577218
47.05472011011247
36.9828033860262
52.279241525217614
69.78334681442587
42.151944180686996
46.10979181150834
31.958583565278474
75.29950026050183
63.0629800443071
16.533127981465
98.65087827934182
46.812911381099134
37.49222553564926
52.675565283568694
19.960712372731535
2.783485635963956
28.04083171969316
55.927429337362234
91.74863258454693
63.853535369665714
71.63304085664124
0.3012666862747926
16.032536266598086
8.161380755124625
25.16947377021046
78.09621782048306
36.26497813182652
67.53191015928155
14.377162837152646
58.859373559575005
30.864226696456477