523
5102
7654
2217
6474
3758
6745
3528
308
1812
252
4675
5352
3600
3995
9002
9492
8179
7266
5651
6126
7463
1333
4032
7085
7237
6883
8810
8483
7791
2104
5488
3123
4525
7516
6679
409
9555
4468
9775
1286
9390
2679
2859
7157
5645
2390
9458
2273
9084
2612
4163
5133
5348
8493
2240
3800
7854
1248
3092
2966
5962
4176
8457
4404
3477
3939
4007
3569
982
541
6555
5189
1126
1404
7388
9423
489
1674
1209
3724
3063
1322
3012
3323
5540
399
5549
5093
7138
1271
9005
1820
1695
5365
1813
2332
121
3960
2670
7752
4353
4653
2672
8313
1533
3996
5855
1880
7481
1197
1801
7305
7592
5071
9334
8803
4284
7792
9901
7195
9941
2364
9732
4002
12
951
9118
2664
6666
8004
7893
7352
1669
9628
241
3558
3364
48
2153
7497
354
9919
7459
202
4684
8509
88
9870
3373
6620
5829
9449
9588
9813
908
7942
812
7392
4801
6108
8108
4764
2189
9078
4210
8352
1145
8207
9112
4232
5509
6845
1982
1426
892
4400
8707
1026
2421
1213
4840
4832
6274
7306
8785
9582
224
3379
4980
9973
4520
3795
2715
3050
1261
2108
9404
6563
7807
1292
9850
6968
6740
795
5237
3870
7529
6970
2284
6260
2896
4070
6706
1066
4154
4970
7982
3184
4402
6641
2574
6101
4254
8176
2659
5365
3481
4029
1168
3127
6968
1435
3667
19
3890
8907
8771
7330
6313
4886
1614
1654
8750
7366
6868
2486
7503
4085
9927
2060
4878
5782
6874
7142
6633
2434
3550
7644
2177
8102
1531
2954
3913
2348
4888
9111
6694
8658
1516
6804
7523
812
2051
9873
3476
7893
5769
4732
1683
7334
7973
4981
5075
5556
7705
7726
2882
147
2448
5630
865
354
2018
8411
1481
8842
4392
8694
7786
2779
2341
4702
1208
539
9813
7962
3205
5899
9143
4682
8762
9510
7019
1780
4856
1477
3031
3293
8079
8626
5434
295
6424
9491
8371
6314
9746
9819
4651
1447
8779
4118
390
9755
8565
388
3074
5498
6187
6475
7535
7338
5934
3878
9097
8574
6079
840
9001
9813
96
826
3582
9364
1243
7754
1679
1164
8676
6229
9166
3819
7577
7701
7380
7774
9216
8516
9731
8382
2255
8741
6146
1556
1700
9540
7148
9411
7075
2438
9704
7404
1244
3751
7795
32
7023
505
6292
3762
9674
9969
5326
6415
414
7997
2596
2610
5054
6737
3951
2947
4301
3712
4628
5431
9657
2611
8015
9541
7208
1363
1254
6410
416
4838
5385
3716
4660
5057
6182
1699
9945
6280
544
3544
1656
3387
8095
7213
8506
4947
4244
8481
7984
3220
1642
4840
5290
9026
1756
5105
9001
9333
1720
2880
3749
9348
3023
2101
8222
6734
3825
3006
8561
6119
3365
1433
8635
1776
2909
2143
6503
1088
6493
7636
6602
1017
605
7003
2111
6207
2844
157
9965
6863
5350
8188
9540
8548
4367
9474
6045
9638
7990
5563
5895
9682
5172
8763
1673
8910
1732
1519
9812
3587
9704
2787
4250
9694
2665
1509
9545
8825
5111
8030
9944
8920
6639
5384
6444
9572
206
3627
6952
1165
6038
1746
2186
9581
9560
5060
353
3207
2735
1203
6485
4288
5180
1854
3040
2591
3783
3446
9802
8090
8808
2509
7599
6949
9300
6297
9574
9803
8191
8332
8690
2909
6335
6389
9709
2098
4232
6109
1321
7724
7275
29
7453
7427
1428
3398
9966
2512
7494
8977
4597
4180
2255
5151
3453
6954
862
2075
9419
910
47
3103
1880
8556
6901
1138
7007
6451
8592
3663
3608
7452
6718
2647
1849
3989
6271
5576
3105
2642
4235
4289
304
2199
4421
530
8655
353
1608
9225
6116
9855
467
5208
1934
1615
5113
2596
4991
2023
2813
2897
9047
1268
4049
1547
6127
138
171
9001
9359
2679
8556
1436
6355
2116
461
658
973
2571
6759
9183
4021
2181
9824
8226
1630
7416
6475
3777
7363
2724
8589
5226
4405
4119
9620
1896
2427
7558
5869
6820
3312
6118
7796
5205
2003
7673
2975
1465
2612
5366
9731
7607
2526
7206
336
2150
5662
9233
2258
4942
5597
8137
5553
7292
803
587
2753
8144
4885
6910
2062
6874
8734
3409
2323
2067
708
4571
9792
219
9511
2742
596
6206
6862
629
6724
3518
5657
469
6819
3690
397
548
872
3727
1042
7263
4213
537
5639
3990
5690
357
7116
6757
3364
4383
6929
3852
5892
5333
6755
2487
49
5282
5380
1801
7250
2008
9468
4286
7218
6013
5136
7922
7720
7033
8523
3573
20
9071
3343
4132
4324
5088
7286
727
5542
6462
9856
2160
7472
5517
9606
6217
8779
9980
3608
7274
6201
2271
6762
2100
1262
9709
1036
5225
1543
9324
4231
6438
755
3066
4185
5603
7634
4362
6687
8209
3402
7668
9225
1759
5204
8284
9410
2248
6714
6025
6700
6874
9747
3835
3248
5218
1592
9824
3341
6708
498
9146
3738
8052
5156
9132
94
5563
2714
9576
5275
4666
1906
4982
8511
981
5613
9551
299
7800
3055
5310
8765
5756
9232
6667
5509
6620
1534
7811
7130
3857
8549
2818
8211
5043
4170
4736
3127
8847
6956
1548
4853
3801
1921
7332
801
1808
6913
9155
8614
3417
459
7613
6951
491
195
2959
8460
262
4318
4379
6109
5315
6224
5605
9895
1258
6317
1248
5403
7392
6282
3970
1483
6854
5058
800
6075
1627
706
6427
1247
8425
6698
7926
867
6262
7869
304
7206
831
9233
3536
8972
3059
7100
2734
1999
9745
9140
7760
9159
3770
6462
6441
8788
3307
5608
7748
2610
4307
8188
5611
8600
3970
1993
6166
1407
9877
823
4729
1885
7721
7903
5008
4770
7931
6381
6095
2972
6126
2133
1396
3156
7186
8324
9605
7331
2155
9402
3225
9206
8149
2673
3581
964
2057
9764
8026
9258
1192
6291
6871
1969
1129
6025
3268
5946
8593
7731
7393
6232
4229
950
8973
1012
5583
4797
3973
1347
7227
7292
6188
8632
7156
7859
9971
9248
7961
5934
9552
2842
7628
2535
686
3554
1032
4413
3672
7846